MY_PRIVATE_KEY = 3030020100300706052b8104000a042204204da443f5af5be08b0214fed0976e42fcaa809cf803afc9ba2d4250fd94ce607e
MY_ACCOUNT_ID = 0.0.857341

#  ALICE_PRIVATE_KEY = 302e020100300506032b6570042204207467cc1036df8bf2f57848a77a0cf923091aa946fa12d71e4fb535e3014037fc
#  ALICE_ACCOUNT_ID =  0.0.1023280

ALICE_PRIVATE_KEY = 3030020100300706052b8104000a042204204da443f5af5be08b0214fed0976e42fcaa809cf803afc9ba2d4250fd94ce607e
ALICE_ACCOUNT_ID = 0.0.857341


BOB_PRIVATE_KEY = 302e020100300506032b6570042204200984302b97a7d9c10b13ba2eb2ffdfd2116a00123586837252636afdb6c0a5fa
BOB_ACCOUNT_ID = 0.0.1080200-xvmaq

OPERATOR_PRIVATE_KEY = 3030020100300706052b8104000a042204204da443f5af5be08b0214fed0976e42fcaa809cf803afc9ba2d4250fd94ce607e
OPERATOR_ACCOUNT_ID = 0.0.857341


RECEIVER_PRIVATE_KEY = 302e020100300506032b657004220420e3d596b7609862ab424b7a64e6ffefcad132c5153d25a1ad18b4153d24993a71
RECEIVER_ACCOUNT_ID = 0.0.1080219